1
5
6
25
76
376
625
9376
90625
109376
890625
2890625
7109376
12890625
87109376
212890625
787109376
1787109376
8212890625
18212890625
81787109376
918212890625
9918212890625
40081787109376
59918212890625
259918212890625
740081787109376
3740081787109376
6259918212890625
43740081787109376
56259918212890625
256259918212890625
743740081787109376
2256259918212890625
7743740081787109376
92256259918212890625
392256259918212890625
607743740081787109376
2607743740081787109376
7392256259918212890625
22607743740081787109376
77392256259918212890625
977392256259918212890625
9977392256259918212890625
19977392256259918212890625
80022607743740081787109376
380022607743740081787109376
619977392256259918212890625
3380022607743740081787109376
6619977392256259918212890625
93380022607743740081787109376
106619977392256259918212890625
893380022607743740081787109376
4106619977392256259918212890625
5893380022607743740081787109376
95893380022607743740081787109376
995893380022607743740081787109376
9004106619977392256259918212890625
90995893380022607743740081787109376
109004106619977392256259918212890625
890995893380022607743740081787109376
3890995893380022607743740081787109376
6109004106619977392256259918212890625
96109004106619977392256259918212890625
103890995893380022607743740081787109376
896109004106619977392256259918212890625
9103890995893380022607743740081787109376
30896109004106619977392256259918212890625
69103890995893380022607743740081787109376
230896109004106619977392256259918212890625
769103890995893380022607743740081787109376
3230896109004106619977392256259918212890625
6769103890995893380022607743740081787109376
23230896109004106619977392256259918212890625
76769103890995893380022607743740081787109376
423230896109004106619977392256259918212890625
576769103890995893380022607743740081787109376
3423230896109004106619977392256259918212890625
6576769103890995893380022607743740081787109376
23423230896109004106619977392256259918212890625
76576769103890995893380022607743740081787109376
423423230896109004106619977392256259918212890625
576576769103890995893380022607743740081787109376
2576576769103890995893380022607743740081787109376
7423423230896109004106619977392256259918212890625
42576576769103890995893380022607743740081787109376
57423423230896109004106619977392256259918212890625
442576576769103890995893380022607743740081787109376
557423423230896109004106619977392256259918212890625
9442576576769103890995893380022607743740081787109376
99442576576769103890995893380022607743740081787109376
999442576576769103890995893380022607743740081787109376
1000557423423230896109004106619977392256259918212890625
8999442576576769103890995893380022607743740081787109376
11000557423423230896109004106619977392256259918212890625
88999442576576769103890995893380022607743740081787109376
188999442576576769103890995893380022607743740081787109376
811000557423423230896109004106619977392256259918212890625
3811000557423423230896109004106619977392256259918212890625
6188999442576576769103890995893380022607743740081787109376
36188999442576576769103890995893380022607743740081787109376
63811000557423423230896109004106619977392256259918212890625
136188999442576576769103890995893380022607743740081787109376
863811000557423423230896109004106619977392256259918212890625
9136188999442576576769103890995893380022607743740081787109376
19136188999442576576769103890995893380022607743740081787109376
80863811000557423423230896109004106619977392256259918212890625
419136188999442576576769103890995893380022607743740081787109376
580863811000557423423230896109004106619977392256259918212890625
9580863811000557423423230896109004106619977392256259918212890625
90419136188999442576576769103890995893380022607743740081787109376
490419136188999442576576769103890995893380022607743740081787109376
509580863811000557423423230896109004106619977392256259918212890625
3490419136188999442576576769103890995893380022607743740081787109376
6509580863811000557423423230896109004106619977392256259918212890625
33490419136188999442576576769103890995893380022607743740081787109376
66509580863811000557423423230896109004106619977392256259918212890625
166509580863811000557423423230896109004106619977392256259918212890625
833490419136188999442576576769103890995893380022607743740081787109376
2166509580863811000557423423230896109004106619977392256259918212890625
7833490419136188999442576576769103890995893380022607743740081787109376
37833490419136188999442576576769103890995893380022607743740081787109376
62166509580863811000557423423230896109004106619977392256259918212890625
937833490419136188999442576576769103890995893380022607743740081787109376
9937833490419136188999442576576769103890995893380022607743740081787109376
90062166509580863811000557423423230896109004106619977392256259918212890625
109937833490419136188999442576576769103890995893380022607743740081787109376
890062166509580863811000557423423230896109004106619977392256259918212890625
9890062166509580863811000557423423230896109004106619977392256259918212890625
90109937833490419136188999442576576769103890995893380022607743740081787109376
490109937833490419136188999442576576769103890995893380022607743740081787109376
509890062166509580863811000557423423230896109004106619977392256259918212890625
1490109937833490419136188999442576576769103890995893380022607743740081787109376
8509890062166509580863811000557423423230896109004106619977392256259918212890625
38509890062166509580863811000557423423230896109004106619977392256259918212890625
61490109937833490419136188999442576576769103890995893380022607743740081787109376
938509890062166509580863811000557423423230896109004106619977392256259918212890625
2938509890062166509580863811000557423423230896109004106619977392256259918212890625
7061490109937833490419136188999442576576769103890995893380022607743740081787109376
97061490109937833490419136188999442576576769103890995893380022607743740081787109376
197061490109937833490419136188999442576576769103890995893380022607743740081787109376
802938509890062166509580863811000557423423230896109004106619977392256259918212890625
9802938509890062166509580863811000557423423230896109004106619977392256259918212890625
30197061490109937833490419136188999442576576769103890995893380022607743740081787109376
69802938509890062166509580863811000557423423230896109004106619977392256259918212890625
169802938509890062166509580863811000557423423230896109004106619977392256259918212890625
830197061490109937833490419136188999442576576769103890995893380022607743740081787109376
1830197061490109937833490419136188999442576576769103890995893380022607743740081787109376
8169802938509890062166509580863811000557423423230896109004106619977392256259918212890625
91830197061490109937833490419136188999442576576769103890995893380022607743740081787109376
108169802938509890062166509580863811000557423423230896109004106619977392256259918212890625
891830197061490109937833490419136188999442576576769103890995893380022607743740081787109376
9108169802938509890062166509580863811000557423423230896109004106619977392256259918212890625
19108169802938509890062166509580863811000557423423230896109004106619977392256259918212890625
80891830197061490109937833490419136188999442576576769103890995893380022607743740081787109376
319108169802938509890062166509580863811000557423423230896109004106619977392256259918212890625
680891830197061490109937833490419136188999442576576769103890995893380022607743740081787109376
2680891830197061490109937833490419136188999442576576769103890995893380022607743740081787109376
7319108169802938509890062166509580863811000557423423230896109004106619977392256259918212890625
92680891830197061490109937833490419136188999442576576769103890995893380022607743740081787109376
992680891830197061490109937833490419136188999442576576769103890995893380022607743740081787109376
3007319108169802938509890062166509580863811000557423423230896109004106619977392256259918212890625
6992680891830197061490109937833490419136188999442576576769103890995893380022607743740081787109376
46992680891830197061490109937833490419136188999442576576769103890995893380022607743740081787109376
53007319108169802938509890062166509580863811000557423423230896109004106619977392256259918212890625
953007319108169802938509890062166509580863811000557423423230896109004106619977392256259918212890625
3953007319108169802938509890062166509580863811000557423423230896109004106619977392256259918212890625
6046992680891830197061490109937833490419136188999442576576769103890995893380022607743740081787109376
96046992680891830197061490109937833490419136188999442576576769103890995893380022607743740081787109376
903953007319108169802938509890062166509580863811000557423423230896109004106619977392256259918212890625
3903953007319108169802938509890062166509580863811000557423423230896109004106619977392256259918212890625
6096046992680891830197061490109937833490419136188999442576576769103890995893380022607743740081787109376
36096046992680891830197061490109937833490419136188999442576576769103890995893380022607743740081787109376
63903953007319108169802938509890062166509580863811000557423423230896109004106619977392256259918212890625
263903953007319108169802938509890062166509580863811000557423423230896109004106619977392256259918212890625
736096046992680891830197061490109937833490419136188999442576576769103890995893380022607743740081787109376
4263903953007319108169802938509890062166509580863811000557423423230896109004106619977392256259918212890625
5736096046992680891830197061490109937833490419136188999442576576769103890995893380022607743740081787109376
35736096046992680891830197061490109937833490419136188999442576576769103890995893380022607743740081787109376
64263903953007319108169802938509890062166509580863811000557423423230896109004106619977392256259918212890625
235736096046992680891830197061490109937833490419136188999442576576769103890995893380022607743740081787109376
764263903953007319108169802938509890062166509580863811000557423423230896109004106619977392256259918212890625
4764263903953007319108169802938509890062166509580863811000557423423230896109004106619977392256259918212890625
5235736096046992680891830197061490109937833490419136188999442576576769103890995893380022607743740081787109376
14764263903953007319108169802938509890062166509580863811000557423423230896109004106619977392256259918212890625
85235736096046992680891830197061490109937833490419136188999442576576769103890995893380022607743740081787109376
185235736096046992680891830197061490109937833490419136188999442576576769103890995893380022607743740081787109376
814764263903953007319108169802938509890062166509580863811000557423423230896109004106619977392256259918212890625
3185235736096046992680891830197061490109937833490419136188999442576576769103890995893380022607743740081787109376
6814764263903953007319108169802938509890062166509580863811000557423423230896109004106619977392256259918212890625
96814764263903953007319108169802938509890062166509580863811000557423423230896109004106619977392256259918212890625
996814764263903953007319108169802938509890062166509580863811000557423423230896109004106619977392256259918212890625
2996814764263903953007319108169802938509890062166509580863811000557423423230896109004106619977392256259918212890625
7003185235736096046992680891830197061490109937833490419136188999442576576769103890995893380022607743740081787109376
37003185235736096046992680891830197061490109937833490419136188999442576576769103890995893380022607743740081787109376
62996814764263903953007319108169802938509890062166509580863811000557423423230896109004106619977392256259918212890625
462996814764263903953007319108169802938509890062166509580863811000557423423230896109004106619977392256259918212890625
537003185235736096046992680891830197061490109937833490419136188999442576576769103890995893380022607743740081787109376
4537003185235736096046992680891830197061490109937833490419136188999442576576769103890995893380022607743740081787109376
5462996814764263903953007319108169802938509890062166509580863811000557423423230896109004106619977392256259918212890625
44537003185235736096046992680891830197061490109937833490419136188999442576576769103890995893380022607743740081787109376
55462996814764263903953007319108169802938509890062166509580863811000557423423230896109004106619977392256259918212890625
944537003185235736096046992680891830197061490109937833490419136188999442576576769103890995893380022607743740081787109376
9055462996814764263903953007319108169802938509890062166509580863811000557423423230896109004106619977392256259918212890625
19055462996814764263903953007319108169802938509890062166509580863811000557423423230896109004106619977392256259918212890625
80944537003185235736096046992680891830197061490109937833490419136188999442576576769103890995893380022607743740081787109376
380944537003185235736096046992680891830197061490109937833490419136188999442576576769103890995893380022607743740081787109376
619055462996814764263903953007319108169802938509890062166509580863811000557423423230896109004106619977392256259918212890625
4380944537003185235736096046992680891830197061490109937833490419136188999442576576769103890995893380022607743740081787109376
5619055462996814764263903953007319108169802938509890062166509580863811000557423423230896109004106619977392256259918212890625
24380944537003185235736096046992680891830197061490109937833490419136188999442576576769103890995893380022607743740081787109376
75619055462996814764263903953007319108169802938509890062166509580863811000557423423230896109004106619977392256259918212890625
375619055462996814764263903953007319108169802938509890062166509580863811000557423423230896109004106619977392256259918212890625
624380944537003185235736096046992680891830197061490109937833490419136188999442576576769103890995893380022607743740081787109376
1375619055462996814764263903953007319108169802938509890062166509580863811000557423423230896109004106619977392256259918212890625
8624380944537003185235736096046992680891830197061490109937833490419136188999442576576769103890995893380022607743740081787109376
98624380944537003185235736096046992680891830197061490109937833490419136188999442576576769103890995893380022607743740081787109376
198624380944537003185235736096046992680891830197061490109937833490419136188999442576576769103890995893380022607743740081787109376
801375619055462996814764263903953007319108169802938509890062166509580863811000557423423230896109004106619977392256259918212890625
1801375619055462996814764263903953007319108169802938509890062166509580863811000557423423230896109004106619977392256259918212890625
8198624380944537003185235736096046992680891830197061490109937833490419136188999442576576769103890995893380022607743740081787109376
28198624380944537003185235736096046992680891830197061490109937833490419136188999442576576769103890995893380022607743740081787109376
71801375619055462996814764263903953007319108169802938509890062166509580863811000557423423230896109004106619977392256259918212890625
328198624380944537003185235736096046992680891830197061490109937833490419136188999442576576769103890995893380022607743740081787109376
671801375619055462996814764263903953007319108169802938509890062166509580863811000557423423230896109004106619977392256259918212890625
4671801375619055462996814764263903953007319108169802938509890062166509580863811000557423423230896109004106619977392256259918212890625
5328198624380944537003185235736096046992680891830197061490109937833490419136188999442576576769103890995893380022607743740081787109376
14671801375619055462996814764263903953007319108169802938509890062166509580863811000557423423230896109004106619977392256259918212890625
85328198624380944537003185235736096046992680891830197061490109937833490419136188999442576576769103890995893380022607743740081787109376
285328198624380944537003185235736096046992680891830197061490109937833490419136188999442576576769103890995893380022607743740081787109376
714671801375619055462996814764263903953007319108169802938509890062166509580863811000557423423230896109004106619977392256259918212890625
3714671801375619055462996814764263903953007319108169802938509890062166509580863811000557423423230896109004106619977392256259918212890625
6285328198624380944537003185235736096046992680891830197061490109937833490419136188999442576576769103890995893380022607743740081787109376
93714671801375619055462996814764263903953007319108169802938509890062166509580863811000557423423230896109004106619977392256259918212890625
106285328198624380944537003185235736096046992680891830197061490109937833490419136188999442576576769103890995893380022607743740081787109376
893714671801375619055462996814764263903953007319108169802938509890062166509580863811000557423423230896109004106619977392256259918212890625
3106285328198624380944537003185235736096046992680891830197061490109937833490419136188999442576576769103890995893380022607743740081787109376
6893714671801375619055462996814764263903953007319108169802938509890062166509580863811000557423423230896109004106619977392256259918212890625
96893714671801375619055462996814764263903953007319108169802938509890062166509580863811000557423423230896109004106619977392256259918212890625
196893714671801375619055462996814764263903953007319108169802938509890062166509580863811000557423423230896109004106619977392256259918212890625
803106285328198624380944537003185235736096046992680891830197061490109937833490419136188999442576576769103890995893380022607743740081787109376
2803106285328198624380944537003185235736096046992680891830197061490109937833490419136188999442576576769103890995893380022607743740081787109376
7196893714671801375619055462996814764263903953007319108169802938509890062166509580863811000557423423230896109004106619977392256259918212890625
42803106285328198624380944537003185235736096046992680891830197061490109937833490419136188999442576576769103890995893380022607743740081787109376
57196893714671801375619055462996814764263903953007319108169802938509890062166509580863811000557423423230896109004106619977392256259918212890625
957196893714671801375619055462996814764263903953007319108169802938509890062166509580863811000557423423230896109004106619977392256259918212890625
3957196893714671801375619055462996814764263903953007319108169802938509890062166509580863811000557423423230896109004106619977392256259918212890625
6042803106285328198624380944537003185235736096046992680891830197061490109937833490419136188999442576576769103890995893380022607743740081787109376
96042803106285328198624380944537003185235736096046992680891830197061490109937833490419136188999442576576769103890995893380022607743740081787109376
496042803106285328198624380944537003185235736096046992680891830197061490109937833490419136188999442576576769103890995893380022607743740081787109376
503957196893714671801375619055462996814764263903953007319108169802938509890062166509580863811000557423423230896109004106619977392256259918212890625
9496042803106285328198624380944537003185235736096046992680891830197061490109937833490419136188999442576576769103890995893380022607743740081787109376
39496042803106285328198624380944537003185235736096046992680891830197061490109937833490419136188999442576576769103890995893380022607743740081787109376
60503957196893714671801375619055462996814764263903953007319108169802938509890062166509580863811000557423423230896109004106619977392256259918212890625
239496042803106285328198624380944537003185235736096046992680891830197061490109937833490419136188999442576576769103890995893380022607743740081787109376
760503957196893714671801375619055462996814764263903953007319108169802938509890062166509580863811000557423423230896109004106619977392256259918212890625
3760503957196893714671801375619055462996814764263903953007319108169802938509890062166509580863811000557423423230896109004106619977392256259918212890625
6239496042803106285328198624380944537003185235736096046992680891830197061490109937833490419136188999442576576769103890995893380022607743740081787109376
26239496042803106285328198624380944537003185235736096046992680891830197061490109937833490419136188999442576576769103890995893380022607743740081787109376
73760503957196893714671801375619055462996814764263903953007319108169802938509890062166509580863811000557423423230896109004106619977392256259918212890625
326239496042803106285328198624380944537003185235736096046992680891830197061490109937833490419136188999442576576769103890995893380022607743740081787109376
673760503957196893714671801375619055462996814764263903953007319108169802938509890062166509580863811000557423423230896109004106619977392256259918212890625
4673760503957196893714671801375619055462996814764263903953007319108169802938509890062166509580863811000557423423230896109004106619977392256259918212890625
5326239496042803106285328198624380944537003185235736096046992680891830197061490109937833490419136188999442576576769103890995893380022607743740081787109376
14673760503957196893714671801375619055462996814764263903953007319108169802938509890062166509580863811000557423423230896109004106619977392256259918212890625
85326239496042803106285328198624380944537003185235736096046992680891830197061490109937833490419136188999442576576769103890995893380022607743740081787109376
185326239496042803106285328198624380944537003185235736096046992680891830197061490109937833490419136188999442576576769103890995893380022607743740081787109376
814673760503957196893714671801375619055462996814764263903953007319108169802938509890062166509580863811000557423423230896109004106619977392256259918212890625
9185326239496042803106285328198624380944537003185235736096046992680891830197061490109937833490419136188999442576576769103890995893380022607743740081787109376
39185326239496042803106285328198624380944537003185235736096046992680891830197061490109937833490419136188999442576576769103890995893380022607743740081787109376
60814673760503957196893714671801375619055462996814764263903953007319108169802938509890062166509580863811000557423423230896109004106619977392256259918212890625
960814673760503957196893714671801375619055462996814764263903953007319108169802938509890062166509580863811000557423423230896109004106619977392256259918212890625
2039185326239496042803106285328198624380944537003185235736096046992680891830197061490109937833490419136188999442576576769103890995893380022607743740081787109376
7960814673760503957196893714671801375619055462996814764263903953007319108169802938509890062166509580863811000557423423230896109004106619977392256259918212890625
47960814673760503957196893714671801375619055462996814764263903953007319108169802938509890062166509580863811000557423423230896109004106619977392256259918212890625
52039185326239496042803106285328198624380944537003185235736096046992680891830197061490109937833490419136188999442576576769103890995893380022607743740081787109376
447960814673760503957196893714671801375619055462996814764263903953007319108169802938509890062166509580863811000557423423230896109004106619977392256259918212890625
552039185326239496042803106285328198624380944537003185235736096046992680891830197061490109937833490419136188999442576576769103890995893380022607743740081787109376
9447960814673760503957196893714671801375619055462996814764263903953007319108169802938509890062166509580863811000557423423230896109004106619977392256259918212890625
29447960814673760503957196893714671801375619055462996814764263903953007319108169802938509890062166509580863811000557423423230896109004106619977392256259918212890625
70552039185326239496042803106285328198624380944537003185235736096046992680891830197061490109937833490419136188999442576576769103890995893380022607743740081787109376
970552039185326239496042803106285328198624380944537003185235736096046992680891830197061490109937833490419136188999442576576769103890995893380022607743740081787109376
1970552039185326239496042803106285328198624380944537003185235736096046992680891830197061490109937833490419136188999442576576769103890995893380022607743740081787109376
8029447960814673760503957196893714671801375619055462996814764263903953007319108169802938509890062166509580863811000557423423230896109004106619977392256259918212890625
11970552039185326239496042803106285328198624380944537003185235736096046992680891830197061490109937833490419136188999442576576769103890995893380022607743740081787109376
88029447960814673760503957196893714671801375619055462996814764263903953007319108169802938509890062166509580863811000557423423230896109004106619977392256259918212890625
988029447960814673760503957196893714671801375619055462996814764263903953007319108169802938509890062166509580863811000557423423230896109004106619977392256259918212890625
4988029447960814673760503957196893714671801375619055462996814764263903953007319108169802938509890062166509580863811000557423423230896109004106619977392256259918212890625
5011970552039185326239496042803106285328198624380944537003185235736096046992680891830197061490109937833490419136188999442576576769103890995893380022607743740081787109376
95011970552039185326239496042803106285328198624380944537003185235736096046992680891830197061490109937833490419136188999442576576769103890995893380022607743740081787109376
104988029447960814673760503957196893714671801375619055462996814764263903953007319108169802938509890062166509580863811000557423423230896109004106619977392256259918212890625
895011970552039185326239496042803106285328198624380944537003185235736096046992680891830197061490109937833490419136188999442576576769103890995893380022607743740081787109376
9104988029447960814673760503957196893714671801375619055462996814764263903953007319108169802938509890062166509580863811000557423423230896109004106619977392256259918212890625
19104988029447960814673760503957196893714671801375619055462996814764263903953007319108169802938509890062166509580863811000557423423230896109004106619977392256259918212890625
80895011970552039185326239496042803106285328198624380944537003185235736096046992680891830197061490109937833490419136188999442576576769103890995893380022607743740081787109376
480895011970552039185326239496042803106285328198624380944537003185235736096046992680891830197061490109937833490419136188999442576576769103890995893380022607743740081787109376
519104988029447960814673760503957196893714671801375619055462996814764263903953007319108169802938509890062166509580863811000557423423230896109004106619977392256259918212890625
3480895011970552039185326239496042803106285328198624380944537003185235736096046992680891830197061490109937833490419136188999442576576769103890995893380022607743740081787109376
6519104988029447960814673760503957196893714671801375619055462996814764263903953007319108169802938509890062166509580863811000557423423230896109004106619977392256259918212890625
46519104988029447960814673760503957196893714671801375619055462996814764263903953007319108169802938509890062166509580863811000557423423230896109004106619977392256259918212890625
53480895011970552039185326239496042803106285328198624380944537003185235736096046992680891830197061490109937833490419136188999442576576769103890995893380022607743740081787109376
146519104988029447960814673760503957196893714671801375619055462996814764263903953007319108169802938509890062166509580863811000557423423230896109004106619977392256259918212890625
853480895011970552039185326239496042803106285328198624380944537003185235736096046992680891830197061490109937833490419136188999442576576769103890995893380022607743740081787109376
3146519104988029447960814673760503957196893714671801375619055462996814764263903953007319108169802938509890062166509580863811000557423423230896109004106619977392256259918212890625
6853480895011970552039185326239496042803106285328198624380944537003185235736096046992680891830197061490109937833490419136188999442576576769103890995893380022607743740081787109376
36853480895011970552039185326239496042803106285328198624380944537003185235736096046992680891830197061490109937833490419136188999442576576769103890995893380022607743740081787109376
63146519104988029447960814673760503957196893714671801375619055462996814764263903953007319108169802938509890062166509580863811000557423423230896109004106619977392256259918212890625
336853480895011970552039185326239496042803106285328198624380944537003185235736096046992680891830197061490109937833490419136188999442576576769103890995893380022607743740081787109376
663146519104988029447960814673760503957196893714671801375619055462996814764263903953007319108169802938509890062166509580863811000557423423230896109004106619977392256259918212890625
2336853480895011970552039185326239496042803106285328198624380944537003185235736096046992680891830197061490109937833490419136188999442576576769103890995893380022607743740081787109376
7663146519104988029447960814673760503957196893714671801375619055462996814764263903953007319108169802938509890062166509580863811000557423423230896109004106619977392256259918212890625
37663146519104988029447960814673760503957196893714671801375619055462996814764263903953007319108169802938509890062166509580863811000557423423230896109004106619977392256259918212890625
62336853480895011970552039185326239496042803106285328198624380944537003185235736096046992680891830197061490109937833490419136188999442576576769103890995893380022607743740081787109376
262336853480895011970552039185326239496042803106285328198624380944537003185235736096046992680891830197061490109937833490419136188999442576576769103890995893380022607743740081787109376
737663146519104988029447960814673760503957196893714671801375619055462996814764263903953007319108169802938509890062166509580863811000557423423230896109004106619977392256259918212890625
2737663146519104988029447960814673760503957196893714671801375619055462996814764263903953007319108169802938509890062166509580863811000557423423230896109004106619977392256259918212890625
7262336853480895011970552039185326239496042803106285328198624380944537003185235736096046992680891830197061490109937833490419136188999442576576769103890995893380022607743740081787109376
27262336853480895011970552039185326239496042803106285328198624380944537003185235736096046992680891830197061490109937833490419136188999442576576769103890995893380022607743740081787109376
72737663146519104988029447960814673760503957196893714671801375619055462996814764263903953007319108169802938509890062166509580863811000557423423230896109004106619977392256259918212890625
427262336853480895011970552039185326239496042803106285328198624380944537003185235736096046992680891830197061490109937833490419136188999442576576769103890995893380022607743740081787109376
572737663146519104988029447960814673760503957196893714671801375619055462996814764263903953007319108169802938509890062166509580863811000557423423230896109004106619977392256259918212890625
3427262336853480895011970552039185326239496042803106285328198624380944537003185235736096046992680891830197061490109937833490419136188999442576576769103890995893380022607743740081787109376
6572737663146519104988029447960814673760503957196893714671801375619055462996814764263903953007319108169802938509890062166509580863811000557423423230896109004106619977392256259918212890625
13427262336853480895011970552039185326239496042803106285328198624380944537003185235736096046992680891830197061490109937833490419136188999442576576769103890995893380022607743740081787109376
86572737663146519104988029447960814673760503957196893714671801375619055462996814764263903953007319108169802938509890062166509580863811000557423423230896109004106619977392256259918212890625
113427262336853480895011970552039185326239496042803106285328198624380944537003185235736096046992680891830197061490109937833490419136188999442576576769103890995893380022607743740081787109376
886572737663146519104988029447960814673760503957196893714671801375619055462996814764263903953007319108169802938509890062166509580863811000557423423230896109004106619977392256259918212890625
1113427262336853480895011970552039185326239496042803106285328198624380944537003185235736096046992680891830197061490109937833490419136188999442576576769103890995893380022607743740081787109376
8886572737663146519104988029447960814673760503957196893714671801375619055462996814764263903953007319108169802938509890062166509580863811000557423423230896109004106619977392256259918212890625
28886572737663146519104988029447960814673760503957196893714671801375619055462996814764263903953007319108169802938509890062166509580863811000557423423230896109004106619977392256259918212890625
71113427262336853480895011970552039185326239496042803106285328198624380944537003185235736096046992680891830197061490109937833490419136188999442576576769103890995893380022607743740081787109376
428886572737663146519104988029447960814673760503957196893714671801375619055462996814764263903953007319108169802938509890062166509580863811000557423423230896109004106619977392256259918212890625
571113427262336853480895011970552039185326239496042803106285328198624380944537003185235736096046992680891830197061490109937833490419136188999442576576769103890995893380022607743740081787109376
3428886572737663146519104988029447960814673760503957196893714671801375619055462996814764263903953007319108169802938509890062166509580863811000557423423230896109004106619977392256259918212890625
6571113427262336853480895011970552039185326239496042803106285328198624380944537003185235736096046992680891830197061490109937833490419136188999442576576769103890995893380022607743740081787109376
26571113427262336853480895011970552039185326239496042803106285328198624380944537003185235736096046992680891830197061490109937833490419136188999442576576769103890995893380022607743740081787109376
73428886572737663146519104988029447960814673760503957196893714671801375619055462996814764263903953007319108169802938509890062166509580863811000557423423230896109004106619977392256259918212890625
173428886572737663146519104988029447960814673760503957196893714671801375619055462996814764263903953007319108169802938509890062166509580863811000557423423230896109004106619977392256259918212890625
826571113427262336853480895011970552039185326239496042803106285328198624380944537003185235736096046992680891830197061490109937833490419136188999442576576769103890995893380022607743740081787109376
1826571113427262336853480895011970552039185326239496042803106285328198624380944537003185235736096046992680891830197061490109937833490419136188999442576576769103890995893380022607743740081787109376
8173428886572737663146519104988029447960814673760503957196893714671801375619055462996814764263903953007319108169802938509890062166509580863811000557423423230896109004106619977392256259918212890625
48173428886572737663146519104988029447960814673760503957196893714671801375619055462996814764263903953007319108169802938509890062166509580863811000557423423230896109004106619977392256259918212890625
51826571113427262336853480895011970552039185326239496042803106285328198624380944537003185235736096046992680891830197061490109937833490419136188999442576576769103890995893380022607743740081787109376
248173428886572737663146519104988029447960814673760503957196893714671801375619055462996814764263903953007319108169802938509890062166509580863811000557423423230896109004106619977392256259918212890625
751826571113427262336853480895011970552039185326239496042803106285328198624380944537003185235736096046992680891830197061490109937833490419136188999442576576769103890995893380022607743740081787109376
3248173428886572737663146519104988029447960814673760503957196893714671801375619055462996814764263903953007319108169802938509890062166509580863811000557423423230896109004106619977392256259918212890625
6751826571113427262336853480895011970552039185326239496042803106285328198624380944537003185235736096046992680891830197061490109937833490419136188999442576576769103890995893380022607743740081787109376
96751826571113427262336853480895011970552039185326239496042803106285328198624380944537003185235736096046992680891830197061490109937833490419136188999442576576769103890995893380022607743740081787109376
296751826571113427262336853480895011970552039185326239496042803106285328198624380944537003185235736096046992680891830197061490109937833490419136188999442576576769103890995893380022607743740081787109376
703248173428886572737663146519104988029447960814673760503957196893714671801375619055462996814764263903953007319108169802938509890062166509580863811000557423423230896109004106619977392256259918212890625
1703248173428886572737663146519104988029447960814673760503957196893714671801375619055462996814764263903953007319108169802938509890062166509580863811000557423423230896109004106619977392256259918212890625
8296751826571113427262336853480895011970552039185326239496042803106285328198624380944537003185235736096046992680891830197061490109937833490419136188999442576576769103890995893380022607743740081787109376
31703248173428886572737663146519104988029447960814673760503957196893714671801375619055462996814764263903953007319108169802938509890062166509580863811000557423423230896109004106619977392256259918212890625
68296751826571113427262336853480895011970552039185326239496042803106285328198624380944537003185235736096046992680891830197061490109937833490419136188999442576576769103890995893380022607743740081787109376
431703248173428886572737663146519104988029447960814673760503957196893714671801375619055462996814764263903953007319108169802938509890062166509580863811000557423423230896109004106619977392256259918212890625
568296751826571113427262336853480895011970552039185326239496042803106285328198624380944537003185235736096046992680891830197061490109937833490419136188999442576576769103890995893380022607743740081787109376
1568296751826571113427262336853480895011970552039185326239496042803106285328198624380944537003185235736096046992680891830197061490109937833490419136188999442576576769103890995893380022607743740081787109376
8431703248173428886572737663146519104988029447960814673760503957196893714671801375619055462996814764263903953007319108169802938509890062166509580863811000557423423230896109004106619977392256259918212890625
38431703248173428886572737663146519104988029447960814673760503957196893714671801375619055462996814764263903953007319108169802938509890062166509580863811000557423423230896109004106619977392256259918212890625
61568296751826571113427262336853480895011970552039185326239496042803106285328198624380944537003185235736096046992680891830197061490109937833490419136188999442576576769103890995893380022607743740081787109376
438431703248173428886572737663146519104988029447960814673760503957196893714671801375619055462996814764263903953007319108169802938509890062166509580863811000557423423230896109004106619977392256259918212890625
561568296751826571113427262336853480895011970552039185326239496042803106285328198624380944537003185235736096046992680891830197061490109937833490419136188999442576576769103890995893380022607743740081787109376
1561568296751826571113427262336853480895011970552039185326239496042803106285328198624380944537003185235736096046992680891830197061490109937833490419136188999442576576769103890995893380022607743740081787109376
8438431703248173428886572737663146519104988029447960814673760503957196893714671801375619055462996814764263903953007319108169802938509890062166509580863811000557423423230896109004106619977392256259918212890625
98438431703248173428886572737663146519104988029447960814673760503957196893714671801375619055462996814764263903953007319108169802938509890062166509580863811000557423423230896109004106619977392256259918212890625
298438431703248173428886572737663146519104988029447960814673760503957196893714671801375619055462996814764263903953007319108169802938509890062166509580863811000557423423230896109004106619977392256259918212890625
701561568296751826571113427262336853480895011970552039185326239496042803106285328198624380944537003185235736096046992680891830197061490109937833490419136188999442576576769103890995893380022607743740081787109376
1701561568296751826571113427262336853480895011970552039185326239496042803106285328198624380944537003185235736096046992680891830197061490109937833490419136188999442576576769103890995893380022607743740081787109376
8298438431703248173428886572737663146519104988029447960814673760503957196893714671801375619055462996814764263903953007319108169802938509890062166509580863811000557423423230896109004106619977392256259918212890625
21701561568296751826571113427262336853480895011970552039185326239496042803106285328198624380944537003185235736096046992680891830197061490109937833490419136188999442576576769103890995893380022607743740081787109376
78298438431703248173428886572737663146519104988029447960814673760503957196893714671801375619055462996814764263903953007319108169802938509890062166509580863811000557423423230896109004106619977392256259918212890625
121701561568296751826571113427262336853480895011970552039185326239496042803106285328198624380944537003185235736096046992680891830197061490109937833490419136188999442576576769103890995893380022607743740081787109376
878298438431703248173428886572737663146519104988029447960814673760503957196893714671801375619055462996814764263903953007319108169802938509890062166509580863811000557423423230896109004106619977392256259918212890625
2878298438431703248173428886572737663146519104988029447960814673760503957196893714671801375619055462996814764263903953007319108169802938509890062166509580863811000557423423230896109004106619977392256259918212890625
7121701561568296751826571113427262336853480895011970552039185326239496042803106285328198624380944537003185235736096046992680891830197061490109937833490419136188999442576576769103890995893380022607743740081787109376
12878298438431703248173428886572737663146519104988029447960814673760503957196893714671801375619055462996814764263903953007319108169802938509890062166509580863811000557423423230896109004106619977392256259918212890625
87121701561568296751826571113427262336853480895011970552039185326239496042803106285328198624380944537003185235736096046992680891830197061490109937833490419136188999442576576769103890995893380022607743740081787109376
912878298438431703248173428886572737663146519104988029447960814673760503957196893714671801375619055462996814764263903953007319108169802938509890062166509580863811000557423423230896109004106619977392256259918212890625
9087121701561568296751826571113427262336853480895011970552039185326239496042803106285328198624380944537003185235736096046992680891830197061490109937833490419136188999442576576769103890995893380022607743740081787109376
40912878298438431703248173428886572737663146519104988029447960814673760503957196893714671801375619055462996814764263903953007319108169802938509890062166509580863811000557423423230896109004106619977392256259918212890625
59087121701561568296751826571113427262336853480895011970552039185326239496042803106285328198624380944537003185235736096046992680891830197061490109937833490419136188999442576576769103890995893380022607743740081787109376
140912878298438431703248173428886572737663146519104988029447960814673760503957196893714671801375619055462996814764263903953007319108169802938509890062166509580863811000557423423230896109004106619977392256259918212890625
859087121701561568296751826571113427262336853480895011970552039185326239496042803106285328198624380944537003185235736096046992680891830197061490109937833490419136188999442576576769103890995893380022607743740081787109376
3859087121701561568296751826571113427262336853480895011970552039185326239496042803106285328198624380944537003185235736096046992680891830197061490109937833490419136188999442576576769103890995893380022607743740081787109376
6140912878298438431703248173428886572737663146519104988029447960814673760503957196893714671801375619055462996814764263903953007319108169802938509890062166509580863811000557423423230896109004106619977392256259918212890625
46140912878298438431703248173428886572737663146519104988029447960814673760503957196893714671801375619055462996814764263903953007319108169802938509890062166509580863811000557423423230896109004106619977392256259918212890625
53859087121701561568296751826571113427262336853480895011970552039185326239496042803106285328198624380944537003185235736096046992680891830197061490109937833490419136188999442576576769103890995893380022607743740081787109376
153859087121701561568296751826571113427262336853480895011970552039185326239496042803106285328198624380944537003185235736096046992680891830197061490109937833490419136188999442576576769103890995893380022607743740081787109376
846140912878298438431703248173428886572737663146519104988029447960814673760503957196893714671801375619055462996814764263903953007319108169802938509890062166509580863811000557423423230896109004106619977392256259918212890625
1846140912878298438431703248173428886572737663146519104988029447960814673760503957196893714671801375619055462996814764263903953007319108169802938509890062166509580863811000557423423230896109004106619977392256259918212890625
8153859087121701561568296751826571113427262336853480895011970552039185326239496042803106285328198624380944537003185235736096046992680891830197061490109937833490419136188999442576576769103890995893380022607743740081787109376
38153859087121701561568296751826571113427262336853480895011970552039185326239496042803106285328198624380944537003185235736096046992680891830197061490109937833490419136188999442576576769103890995893380022607743740081787109376
61846140912878298438431703248173428886572737663146519104988029447960814673760503957196893714671801375619055462996814764263903953007319108169802938509890062166509580863811000557423423230896109004106619977392256259918212890625
138153859087121701561568296751826571113427262336853480895011970552039185326239496042803106285328198624380944537003185235736096046992680891830197061490109937833490419136188999442576576769103890995893380022607743740081787109376
861846140912878298438431703248173428886572737663146519104988029447960814673760503957196893714671801375619055462996814764263903953007319108169802938509890062166509580863811000557423423230896109004106619977392256259918212890625
2138153859087121701561568296751826571113427262336853480895011970552039185326239496042803106285328198624380944537003185235736096046992680891830197061490109937833490419136188999442576576769103890995893380022607743740081787109376
7861846140912878298438431703248173428886572737663146519104988029447960814673760503957196893714671801375619055462996814764263903953007319108169802938509890062166509580863811000557423423230896109004106619977392256259918212890625
22138153859087121701561568296751826571113427262336853480895011970552039185326239496042803106285328198624380944537003185235736096046992680891830197061490109937833490419136188999442576576769103890995893380022607743740081787109376
77861846140912878298438431703248173428886572737663146519104988029447960814673760503957196893714671801375619055462996814764263903953007319108169802938509890062166509580863811000557423423230896109004106619977392256259918212890625
477861846140912878298438431703248173428886572737663146519104988029447960814673760503957196893714671801375619055462996814764263903953007319108169802938509890062166509580863811000557423423230896109004106619977392256259918212890625
522138153859087121701561568296751826571113427262336853480895011970552039185326239496042803106285328198624380944537003185235736096046992680891830197061490109937833490419136188999442576576769103890995893380022607743740081787109376
4477861846140912878298438431703248173428886572737663146519104988029447960814673760503957196893714671801375619055462996814764263903953007319108169802938509890062166509580863811000557423423230896109004106619977392256259918212890625
5522138153859087121701561568296751826571113427262336853480895011970552039185326239496042803106285328198624380944537003185235736096046992680891830197061490109937833490419136188999442576576769103890995893380022607743740081787109376
24477861846140912878298438431703248173428886572737663146519104988029447960814673760503957196893714671801375619055462996814764263903953007319108169802938509890062166509580863811000557423423230896109004106619977392256259918212890625
75522138153859087121701561568296751826571113427262336853480895011970552039185326239496042803106285328198624380944537003185235736096046992680891830197061490109937833490419136188999442576576769103890995893380022607743740081787109376
475522138153859087121701561568296751826571113427262336853480895011970552039185326239496042803106285328198624380944537003185235736096046992680891830197061490109937833490419136188999442576576769103890995893380022607743740081787109376
524477861846140912878298438431703248173428886572737663146519104988029447960814673760503957196893714671801375619055462996814764263903953007319108169802938509890062166509580863811000557423423230896109004106619977392256259918212890625
9524477861846140912878298438431703248173428886572737663146519104988029447960814673760503957196893714671801375619055462996814764263903953007319108169802938509890062166509580863811000557423423230896109004106619977392256259918212890625
40475522138153859087121701561568296751826571113427262336853480895011970552039185326239496042803106285328198624380944537003185235736096046992680891830197061490109937833490419136188999442576576769103890995893380022607743740081787109376
59524477861846140912878298438431703248173428886572737663146519104988029447960814673760503957196893714671801375619055462996814764263903953007319108169802938509890062166509580863811000557423423230896109004106619977392256259918212890625
340475522138153859087121701561568296751826571113427262336853480895011970552039185326239496042803106285328198624380944537003185235736096046992680891830197061490109937833490419136188999442576576769103890995893380022607743740081787109376
659524477861846140912878298438431703248173428886572737663146519104988029447960814673760503957196893714671801375619055462996814764263903953007319108169802938509890062166509580863811000557423423230896109004106619977392256259918212890625
1659524477861846140912878298438431703248173428886572737663146519104988029447960814673760503957196893714671801375619055462996814764263903953007319108169802938509890062166509580863811000557423423230896109004106619977392256259918212890625
8340475522138153859087121701561568296751826571113427262336853480895011970552039185326239496042803106285328198624380944537003185235736096046992680891830197061490109937833490419136188999442576576769103890995893380022607743740081787109376
18340475522138153859087121701561568296751826571113427262336853480895011970552039185326239496042803106285328198624380944537003185235736096046992680891830197061490109937833490419136188999442576576769103890995893380022607743740081787109376
81659524477861846140912878298438431703248173428886572737663146519104988029447960814673760503957196893714671801375619055462996814764263903953007319108169802938509890062166509580863811000557423423230896109004106619977392256259918212890625
418340475522138153859087121701561568296751826571113427262336853480895011970552039185326239496042803106285328198624380944537003185235736096046992680891830197061490109937833490419136188999442576576769103890995893380022607743740081787109376
581659524477861846140912878298438431703248173428886572737663146519104988029447960814673760503957196893714671801375619055462996814764263903953007319108169802938509890062166509580863811000557423423230896109004106619977392256259918212890625
9581659524477861846140912878298438431703248173428886572737663146519104988029447960814673760503957196893714671801375619055462996814764263903953007319108169802938509890062166509580863811000557423423230896109004106619977392256259918212890625
90418340475522138153859087121701561568296751826571113427262336853480895011970552039185326239496042803106285328198624380944537003185235736096046992680891830197061490109937833490419136188999442576576769103890995893380022607743740081787109376
909581659524477861846140912878298438431703248173428886572737663146519104988029447960814673760503957196893714671801375619055462996814764263903953007319108169802938509890062166509580863811000557423423230896109004106619977392256259918212890625
1909581659524477861846140912878298438431703248173428886572737663146519104988029447960814673760503957196893714671801375619055462996814764263903953007319108169802938509890062166509580863811000557423423230896109004106619977392256259918212890625
8090418340475522138153859087121701561568296751826571113427262336853480895011970552039185326239496042803106285328198624380944537003185235736096046992680891830197061490109937833490419136188999442576576769103890995893380022607743740081787109376
18090418340475522138153859087121701561568296751826571113427262336853480895011970552039185326239496042803106285328198624380944537003185235736096046992680891830197061490109937833490419136188999442576576769103890995893380022607743740081787109376
81909581659524477861846140912878298438431703248173428886572737663146519104988029447960814673760503957196893714671801375619055462996814764263903953007319108169802938509890062166509580863811000557423423230896109004106619977392256259918212890625
118090418340475522138153859087121701561568296751826571113427262336853480895011970552039185326239496042803106285328198624380944537003185235736096046992680891830197061490109937833490419136188999442576576769103890995893380022607743740081787109376
881909581659524477861846140912878298438431703248173428886572737663146519104988029447960814673760503957196893714671801375619055462996814764263903953007319108169802938509890062166509580863811000557423423230896109004106619977392256259918212890625
1881909581659524477861846140912878298438431703248173428886572737663146519104988029447960814673760503957196893714671801375619055462996814764263903953007319108169802938509890062166509580863811000557423423230896109004106619977392256259918212890625
8118090418340475522138153859087121701561568296751826571113427262336853480895011970552039185326239496042803106285328198624380944537003185235736096046992680891830197061490109937833490419136188999442576576769103890995893380022607743740081787109376
41881909581659524477861846140912878298438431703248173428886572737663146519104988029447960814673760503957196893714671801375619055462996814764263903953007319108169802938509890062166509580863811000557423423230896109004106619977392256259918212890625
58118090418340475522138153859087121701561568296751826571113427262336853480895011970552039185326239496042803106285328198624380944537003185235736096046992680891830197061490109937833490419136188999442576576769103890995893380022607743740081787109376
341881909581659524477861846140912878298438431703248173428886572737663146519104988029447960814673760503957196893714671801375619055462996814764263903953007319108169802938509890062166509580863811000557423423230896109004106619977392256259918212890625
658118090418340475522138153859087121701561568296751826571113427262336853480895011970552039185326239496042803106285328198624380944537003185235736096046992680891830197061490109937833490419136188999442576576769103890995893380022607743740081787109376
9341881909581659524477861846140912878298438431703248173428886572737663146519104988029447960814673760503957196893714671801375619055462996814764263903953007319108169802938509890062166509580863811000557423423230896109004106619977392256259918212890625
19341881909581659524477861846140912878298438431703248173428886572737663146519104988029447960814673760503957196893714671801375619055462996814764263903953007319108169802938509890062166509580863811000557423423230896109004106619977392256259918212890625
80658118090418340475522138153859087121701561568296751826571113427262336853480895011970552039185326239496042803106285328198624380944537003185235736096046992680891830197061490109937833490419136188999442576576769103890995893380022607743740081787109376
219341881909581659524477861846140912878298438431703248173428886572737663146519104988029447960814673760503957196893714671801375619055462996814764263903953007319108169802938509890062166509580863811000557423423230896109004106619977392256259918212890625
780658118090418340475522138153859087121701561568296751826571113427262336853480895011970552039185326239496042803106285328198624380944537003185235736096046992680891830197061490109937833490419136188999442576576769103890995893380022607743740081787109376
9219341881909581659524477861846140912878298438431703248173428886572737663146519104988029447960814673760503957196893714671801375619055462996814764263903953007319108169802938509890062166509580863811000557423423230896109004106619977392256259918212890625
29219341881909581659524477861846140912878298438431703248173428886572737663146519104988029447960814673760503957196893714671801375619055462996814764263903953007319108169802938509890062166509580863811000557423423230896109004106619977392256259918212890625
70780658118090418340475522138153859087121701561568296751826571113427262336853480895011970552039185326239496042803106285328198624380944537003185235736096046992680891830197061490109937833490419136188999442576576769103890995893380022607743740081787109376
970780658118090418340475522138153859087121701561568296751826571113427262336853480895011970552039185326239496042803106285328198624380944537003185235736096046992680891830197061490109937833490419136188999442576576769103890995893380022607743740081787109376
9029219341881909581659524477861846140912878298438431703248173428886572737663146519104988029447960814673760503957196893714671801375619055462996814764263903953007319108169802938509890062166509580863811000557423423230896109004106619977392256259918212890625
49029219341881909581659524477861846140912878298438431703248173428886572737663146519104988029447960814673760503957196893714671801375619055462996814764263903953007319108169802938509890062166509580863811000557423423230896109004106619977392256259918212890625
50970780658118090418340475522138153859087121701561568296751826571113427262336853480895011970552039185326239496042803106285328198624380944537003185235736096046992680891830197061490109937833490419136188999442576576769103890995893380022607743740081787109376
950970780658118090418340475522138153859087121701561568296751826571113427262336853480895011970552039185326239496042803106285328198624380944537003185235736096046992680891830197061490109937833490419136188999442576576769103890995893380022607743740081787109376
4049029219341881909581659524477861846140912878298438431703248173428886572737663146519104988029447960814673760503957196893714671801375619055462996814764263903953007319108169802938509890062166509580863811000557423423230896109004106619977392256259918212890625
5950970780658118090418340475522138153859087121701561568296751826571113427262336853480895011970552039185326239496042803106285328198624380944537003185235736096046992680891830197061490109937833490419136188999442576576769103890995893380022607743740081787109376
15950970780658118090418340475522138153859087121701561568296751826571113427262336853480895011970552039185326239496042803106285328198624380944537003185235736096046992680891830197061490109937833490419136188999442576576769103890995893380022607743740081787109376
84049029219341881909581659524477861846140912878298438431703248173428886572737663146519104988029447960814673760503957196893714671801375619055462996814764263903953007319108169802938509890062166509580863811000557423423230896109004106619977392256259918212890625
384049029219341881909581659524477861846140912878298438431703248173428886572737663146519104988029447960814673760503957196893714671801375619055462996814764263903953007319108169802938509890062166509580863811000557423423230896109004106619977392256259918212890625
615950970780658118090418340475522138153859087121701561568296751826571113427262336853480895011970552039185326239496042803106285328198624380944537003185235736096046992680891830197061490109937833490419136188999442576576769103890995893380022607743740081787109376
3615950970780658118090418340475522138153859087121701561568296751826571113427262336853480895011970552039185326239496042803106285328198624380944537003185235736096046992680891830197061490109937833490419136188999442576576769103890995893380022607743740081787109376
6384049029219341881909581659524477861846140912878298438431703248173428886572737663146519104988029447960814673760503957196893714671801375619055462996814764263903953007319108169802938509890062166509580863811000557423423230896109004106619977392256259918212890625
33615950970780658118090418340475522138153859087121701561568296751826571113427262336853480895011970552039185326239496042803106285328198624380944537003185235736096046992680891830197061490109937833490419136188999442576576769103890995893380022607743740081787109376
66384049029219341881909581659524477861846140912878298438431703248173428886572737663146519104988029447960814673760503957196893714671801375619055462996814764263903953007319108169802938509890062166509580863811000557423423230896109004106619977392256259918212890625
166384049029219341881909581659524477861846140912878298438431703248173428886572737663146519104988029447960814673760503957196893714671801375619055462996814764263903953007319108169802938509890062166509580863811000557423423230896109004106619977392256259918212890625
833615950970780658118090418340475522138153859087121701561568296751826571113427262336853480895011970552039185326239496042803106285328198624380944537003185235736096046992680891830197061490109937833490419136188999442576576769103890995893380022607743740081787109376
2833615950970780658118090418340475522138153859087121701561568296751826571113427262336853480895011970552039185326239496042803106285328198624380944537003185235736096046992680891830197061490109937833490419136188999442576576769103890995893380022607743740081787109376
7166384049029219341881909581659524477861846140912878298438431703248173428886572737663146519104988029447960814673760503957196893714671801375619055462996814764263903953007319108169802938509890062166509580863811000557423423230896109004106619977392256259918212890625
37166384049029219341881909581659524477861846140912878298438431703248173428886572737663146519104988029447960814673760503957196893714671801375619055462996814764263903953007319108169802938509890062166509580863811000557423423230896109004106619977392256259918212890625
62833615950970780658118090418340475522138153859087121701561568296751826571113427262336853480895011970552039185326239496042803106285328198624380944537003185235736096046992680891830197061490109937833490419136188999442576576769103890995893380022607743740081787109376
137166384049029219341881909581659524477861846140912878298438431703248173428886572737663146519104988029447960814673760503957196893714671801375619055462996814764263903953007319108169802938509890062166509580863811000557423423230896109004106619977392256259918212890625
862833615950970780658118090418340475522138153859087121701561568296751826571113427262336853480895011970552039185326239496042803106285328198624380944537003185235736096046992680891830197061490109937833490419136188999442576576769103890995893380022607743740081787109376
3862833615950970780658118090418340475522138153859087121701561568296751826571113427262336853480895011970552039185326239496042803106285328198624380944537003185235736096046992680891830197061490109937833490419136188999442576576769103890995893380022607743740081787109376
6137166384049029219341881909581659524477861846140912878298438431703248173428886572737663146519104988029447960814673760503957196893714671801375619055462996814764263903953007319108169802938509890062166509580863811000557423423230896109004106619977392256259918212890625
36137166384049029219341881909581659524477861846140912878298438431703248173428886572737663146519104988029447960814673760503957196893714671801375619055462996814764263903953007319108169802938509890062166509580863811000557423423230896109004106619977392256259918212890625
63862833615950970780658118090418340475522138153859087121701561568296751826571113427262336853480895011970552039185326239496042803106285328198624380944537003185235736096046992680891830197061490109937833490419136188999442576576769103890995893380022607743740081787109376
363862833615950970780658118090418340475522138153859087121701561568296751826571113427262336853480895011970552039185326239496042803106285328198624380944537003185235736096046992680891830197061490109937833490419136188999442576576769103890995893380022607743740081787109376
636137166384049029219341881909581659524477861846140912878298438431703248173428886572737663146519104988029447960814673760503957196893714671801375619055462996814764263903953007319108169802938509890062166509580863811000557423423230896109004106619977392256259918212890625
4636137166384049029219341881909581659524477861846140912878298438431703248173428886572737663146519104988029447960814673760503957196893714671801375619055462996814764263903953007319108169802938509890062166509580863811000557423423230896109004106619977392256259918212890625
5363862833615950970780658118090418340475522138153859087121701561568296751826571113427262336853480895011970552039185326239496042803106285328198624380944537003185235736096046992680891830197061490109937833490419136188999442576576769103890995893380022607743740081787109376
35363862833615950970780658118090418340475522138153859087121701561568296751826571113427262336853480895011970552039185326239496042803106285328198624380944537003185235736096046992680891830197061490109937833490419136188999442576576769103890995893380022607743740081787109376
64636137166384049029219341881909581659524477861846140912878298438431703248173428886572737663146519104988029447960814673760503957196893714671801375619055462996814764263903953007319108169802938509890062166509580863811000557423423230896109004106619977392256259918212890625
935363862833615950970780658118090418340475522138153859087121701561568296751826571113427262336853480895011970552039185326239496042803106285328198624380944537003185235736096046992680891830197061490109937833490419136188999442576576769103890995893380022607743740081787109376
1935363862833615950970780658118090418340475522138153859087121701561568296751826571113427262336853480895011970552039185326239496042803106285328198624380944537003185235736096046992680891830197061490109937833490419136188999442576576769103890995893380022607743740081787109376
8064636137166384049029219341881909581659524477861846140912878298438431703248173428886572737663146519104988029447960814673760503957196893714671801375619055462996814764263903953007319108169802938509890062166509580863811000557423423230896109004106619977392256259918212890625
91935363862833615950970780658118090418340475522138153859087121701561568296751826571113427262336853480895011970552039185326239496042803106285328198624380944537003185235736096046992680891830197061490109937833490419136188999442576576769103890995893380022607743740081787109376
491935363862833615950970780658118090418340475522138153859087121701561568296751826571113427262336853480895011970552039185326239496042803106285328198624380944537003185235736096046992680891830197061490109937833490419136188999442576576769103890995893380022607743740081787109376
508064636137166384049029219341881909581659524477861846140912878298438431703248173428886572737663146519104988029447960814673760503957196893714671801375619055462996814764263903953007319108169802938509890062166509580863811000557423423230896109004106619977392256259918212890625
1491935363862833615950970780658118090418340475522138153859087121701561568296751826571113427262336853480895011970552039185326239496042803106285328198624380944537003185235736096046992680891830197061490109937833490419136188999442576576769103890995893380022607743740081787109376
8508064636137166384049029219341881909581659524477861846140912878298438431703248173428886572737663146519104988029447960814673760503957196893714671801375619055462996814764263903953007319108169802938509890062166509580863811000557423423230896109004106619977392256259918212890625
98508064636137166384049029219341881909581659524477861846140912878298438431703248173428886572737663146519104988029447960814673760503957196893714671801375619055462996814764263903953007319108169802938509890062166509580863811000557423423230896109004106619977392256259918212890625
301491935363862833615950970780658118090418340475522138153859087121701561568296751826571113427262336853480895011970552039185326239496042803106285328198624380944537003185235736096046992680891830197061490109937833490419136188999442576576769103890995893380022607743740081787109376
698508064636137166384049029219341881909581659524477861846140912878298438431703248173428886572737663146519104988029447960814673760503957196893714671801375619055462996814764263903953007319108169802938509890062166509580863811000557423423230896109004106619977392256259918212890625
3301491935363862833615950970780658118090418340475522138153859087121701561568296751826571113427262336853480895011970552039185326239496042803106285328198624380944537003185235736096046992680891830197061490109937833490419136188999442576576769103890995893380022607743740081787109376
6698508064636137166384049029219341881909581659524477861846140912878298438431703248173428886572737663146519104988029447960814673760503957196893714671801375619055462996814764263903953007319108169802938509890062166509580863811000557423423230896109004106619977392256259918212890625
16698508064636137166384049029219341881909581659524477861846140912878298438431703248173428886572737663146519104988029447960814673760503957196893714671801375619055462996814764263903953007319108169802938509890062166509580863811000557423423230896109004106619977392256259918212890625
83301491935363862833615950970780658118090418340475522138153859087121701561568296751826571113427262336853480895011970552039185326239496042803106285328198624380944537003185235736096046992680891830197061490109937833490419136188999442576576769103890995893380022607743740081787109376
383301491935363862833615950970780658118090418340475522138153859087121701561568296751826571113427262336853480895011970552039185326239496042803106285328198624380944537003185235736096046992680891830197061490109937833490419136188999442576576769103890995893380022607743740081787109376
616698508064636137166384049029219341881909581659524477861846140912878298438431703248173428886572737663146519104988029447960814673760503957196893714671801375619055462996814764263903953007319108169802938509890062166509580863811000557423423230896109004106619977392256259918212890625
4616698508064636137166384049029219341881909581659524477861846140912878298438431703248173428886572737663146519104988029447960814673760503957196893714671801375619055462996814764263903953007319108169802938509890062166509580863811000557423423230896109004106619977392256259918212890625
5383301491935363862833615950970780658118090418340475522138153859087121701561568296751826571113427262336853480895011970552039185326239496042803106285328198624380944537003185235736096046992680891830197061490109937833490419136188999442576576769103890995893380022607743740081787109376
44616698508064636137166384049029219341881909581659524477861846140912878298438431703248173428886572737663146519104988029447960814673760503957196893714671801375619055462996814764263903953007319108169802938509890062166509580863811000557423423230896109004106619977392256259918212890625
55383301491935363862833615950970780658118090418340475522138153859087121701561568296751826571113427262336853480895011970552039185326239496042803106285328198624380944537003185235736096046992680891830197061490109937833490419136188999442576576769103890995893380022607743740081787109376
944616698508064636137166384049029219341881909581659524477861846140912878298438431703248173428886572737663146519104988029447960814673760503957196893714671801375619055462996814764263903953007319108169802938509890062166509580863811000557423423230896109004106619977392256259918212890625
4055383301491935363862833615950970780658118090418340475522138153859087121701561568296751826571113427262336853480895011970552039185326239496042803106285328198624380944537003185235736096046992680891830197061490109937833490419136188999442576576769103890995893380022607743740081787109376
5944616698508064636137166384049029219341881909581659524477861846140912878298438431703248173428886572737663146519104988029447960814673760503957196893714671801375619055462996814764263903953007319108169802938509890062166509580863811000557423423230896109004106619977392256259918212890625
35944616698508064636137166384049029219341881909581659524477861846140912878298438431703248173428886572737663146519104988029447960814673760503957196893714671801375619055462996814764263903953007319108169802938509890062166509580863811000557423423230896109004106619977392256259918212890625
64055383301491935363862833615950970780658118090418340475522138153859087121701561568296751826571113427262336853480895011970552039185326239496042803106285328198624380944537003185235736096046992680891830197061490109937833490419136188999442576576769103890995893380022607743740081787109376
